0.01470099521017624
0.0049076549712232425
0.0029065871505241257
-0.004968460153821705
0.014709587028156447
0.013849263909364527
0.03138944034661574
0.0027331452751240344
0.004394279289167423
0.004209962294913066
0.01363400981295671
-1.8643409586042398E-4
-0.0159450056717497
1.7027041451933648E-4
0.018695388433224713
-0.0036762923271232086
-0.024863561042062592
0.004189240652741154
-0.004704187009792641
-0.0026910395532705658
-0.017012414812099485
0.034465432518117574
-0.0123654835088408
0.022117723248260317
-0.014245221345350615
-0.011709021528826564
0.00510845375446825
-0.01600806851731077
1.5203905897148376E-4
-0.0036726049996783903
-0.0185643073224966
0.011504812329964045
-0.004609867552396499
0.007135871194000272
-0.0050049051656569305
0.014340583647036
-7.138683529995015E-4
0.010251547826802673
0.028116750795607135
0.009558824313381896
0.0144538061317544
0.0032959514893553983
-0.003079383525825261
0.004361295545271167
-0.003910702750337263
-0.0031672282803128816
0.007479897635959264
-0.0027992458828649974
0.013533937347357776
0.008826911124688445
0.0036926609130484714
0.009615020121809889
-0.0012692373461531256
0.011083258685883635
0.007950386380831523
0.0011612136330243108
-0.005032733026990705
0.0011347126297628365
0.0050474269937616145
-0.004897427621177555
0.013156469165137023
0.0018893878990399655
-0.008378688620211523
0.006511942098272811
0.003231061000779067
0.007057100664589247
0.004554435834489727
0.010041557847144627
0.00688668274362398
0.02947989933692016
0.024958741359151413
0.007359624239817101
0.027671243644876685
0.002128675182912337
0.011764263809485982
0.013174107342909426
-0.010030956419816004
4.883050250515427E-4
-0.008856107850565186
-0.013536243892356924
-0.010821745786060238
0.004903492713854319
0.020801106752104025
0.013610341313657275
-0.012400721491402748
-1.7813175318880884E-4
0.0144639280560928
0.00559555002141938
-0.010259440817750926
-0.0036902081696120266
0.006275020862616813
0.004286549843517638
-6.402723076584551E-4
0.0012901358612257973
-0.005697943389966783
-0.017185875406013948
0.01771521725098454
-0.001219437004244246
0.011671771051756744
0.02502991925047511
-0.021970912855850205
0.015013856392800238
0.032223922944222466
0.03326665179811594
-0.0019820301686304244
0.016223712883099466
0.0028793729590866736
0.025626070257873078
-0.006218152292803919
0.007796106936555195
0.0021561192673217526
-7.144652408969512E-4
-0.010619788603372924
-0.016147955744953185
0.0157312761587674
-0.007185362727738361
0.0027632239852377347
0.002108074793143608
-0.013759121800554752
-0.005004513463310958
-0.005596634110557314
0.009927622788714237
-1.70592067098093E-4
0.008433920564131257
0.0027452767024733656
-0.0019684808958527994
-0.004809974356954804
0.0027391972317160483
-0.009478196654019964
-0.014583660706893303
0.01239116816959354
0.025482497225081245
0.02550013913222245
0.007343447562302451
0.037184230555912266
0.026791017418681562
-0.0020796594834506525
-0.0015957012344336326
-0.0016089080089235965
-0.005549629779835855
-0.019738105597800485
-9.280573613999044E-5
-0.005729315162095748
-0.012879555221797921
0.0027173871810582837
0.01658610340317976
-0.007640292954111229
-0.013786488291512829
-0.0027211213451192083
-0.002749170861198496
-0.005985766265897251
-0.00921601431249736
-9.263521322467107E-4
0.014478854825463253
0.003642067913990218
-0.015530567297427205
0.0034942403595640895
0.00651893045397144
-0.015152685769492276
0.006672187705455887
0.017495349478100924
0.02170531860753156
0.03261254772501718
0.015247084226317134
0.023212877898558443
0.006388080476660832
-4.2849618930819396E-4
-0.007374470702808727
-0.0017347321829483794
0.006985897712285528
-0.001298506247937601
-0.009553877389989703
0.004545960205391442
0.005550147611330336
-0.00831485520340086
-0.003467269834223241
-0.013438473648454862
-0.008937599448064033
0.016289896886877837
-0.0018162010204014968
0.02077568020528228
-0.012806647579488862
0.015369771909763416
-0.004832672016305607
0.004734660669162271
0.021451572094900204
0.005487697925615509
0.008102430754487428
0.01224600049877367
-0.01618279014950726
0.006126402653715179
-0.005934931569604233
0.06063111485294146
0.05277723275046811
0.036266036234349326
0.027561287855312422
0.024113399551002047
0.021247249772993547
0.02475483232351381
0.008948523463080506
0.0211987682881493
0.01534610233480587
-0.011369775275076948
0.012730457237187508
-0.010036099618452672
0.006882953344144108
0.020538072595345444
0.013277760816983168
-0.019894010580787984
-0.014119294773463234
-0.0015752065611255475
-0.022701595767893414
0.005377100231638775
-7.068474076557826E-4
0.0034109357302701563
-0.0021674648008087726
0.008646284351852556
0.013408669854104154
-0.018591670388545613
1.7174611190596525E-4
-0.00619259855017004
-0.01125074635142032
-0.01503516807698126
-0.005269808394774494
0.03468297733515465
0.02518071656471728
0.03305269334776729
0.0015050375192010312
0.01169242330300047
0.012125461409573726
0.020722421773469994
0.002593361069453459
0.014884730991787101
0.004390048302322079
0.002182412869112609
0.011315970076185249
0.001956806071392263
0.00433368083157051
-0.006974988483065965
0.0051340745098142765
0.005748943810531863
0.005877860973317699
0.010733574548945008
0.008989785880079931
0.012166438250363105
0.0034152457787168643
-0.007871169309686135
0.007471474347618681
0.09512580529469905
0.02589252575799742
0.010084284156553347
0.004948309787446162
-0.0045665439918479555
-0.0015567862904573887
0.00764427734804711
-0.003519288678038851
0.002637092491054342
0.0017437871511024917
0.012162983092100732
0.0030803147056958522
-0.004175054049064787
0.00890179180574
0.015950067822897075
0.012207878044839358
-0.009013288371599442
0.008193207551884183
0.011260482824650905
-0.005784838075701386
0.0030416288060854287
-0.0045662703010933585
0.013873026589232028
0.010021076057846148
1.93680511968433E-4
0.01926609366893215
-0.0076540404985460525
0.013380016069872892
-0.006595270828509782
0.01923050588365541
-0.006846484075060663
0.026307287561446815
0.009552549180893554
0.03468361780605409
0.030199245483383753
0.00838558472463686
0.002581443001697872
0.020628946651101817
0.023922315839454752
0.01001057650200049
-1.4648928939894353E-4
-0.008383819518262578
-0.00527418560620927
-0.02461245432910947
-0.010276000439913828
0.02651121797914748
2.3548106584693888E-4
0.016451757919482318
-0.016263126843356256
-0.004370685033340962
0.007642723664902525
-0.0070601329718490745
0.01150130472771532
0.0033383535612680343
0.027823451145962533
-0.001196833183669536
-0.004499124239383787
0.008759895649637195
0.001525106507360565
0.007633435198443306
0.012116920649260704
0.007563473245587704
-0.00397371178379354
0.011580920611860997
0.01995656977908485
-0.012241468095326263
0.009944101175604129
0.014806169726104384
0.0019670368276814543
-0.00787984310997409
0.005050223019248731
0.025683598768170127
-0.012179687277401572
-0.002740686472906102
-0.011439533288578035
-0.01616195634404693
-0.001804397435579668
0.005246500865702498
0.0020626876124590653
0.009335423927283698
-0.008281057930146938
0.004174401987912669
0.008033610712645418
0.011424403249568785
0.007057815403944265
0.004085440817595666
-3.850785567982622E-5
0.010171736031858074
0.001249187521164212
0.020077446934880113
0.010874000271152222
0.013085509351322648
-8.675475445616805E-4
0.04241045696049549
-3.7462955664898333E-4
0.004420371237312791
0.016917454428853913
0.019315810939811242
0.02069771341555482
1.5362306706736585E-4
-0.005893539352023281
0.02295737514399407
0.001762923707774885
-0.007821519901397206
-0.008901545903962936
-0.020798993775119762
0.0031226555755956274
-0.008847625591268915
-0.006006781799655924
0.013156666760338262
0.008704075112141284
-0.010115279751615964
0.007574976883244264
0.007873837358122047
0.0067325080104234224
0.02761008525658361
0.011558719209963736
0.006737415059732612
0.006485231898791231
0.02915614101524276
-4.060000931790156E-4
-0.003492918111232412
0.00646587322360817
0.010598260706514765
0.002704333444876225
0.008026036173671897
0.009683221447233324
0.019266675678009146
-0.006481591678249843
-0.011878408558996353
0.017964688969362243
0.022134233610682154
-0.016608001831966125
0.009821662642180248
0.002036435850692522
0.015599079054675911
0.01193805545865735
0.004133915302248438
-0.016751548425701757
0.002558915353031239
0.003649828020285288
-0.008627225930863834
-0.005773227327291744
0.011964518322597796
-0.018788580035385215
-0.009821893636472701
0.0018079811130990303
0.010656465715892856
1.2598518430597534E-5
-0.01766025342972267
0.018864153254723348
0.015121280521774009
-0.0060137034652842725
-0.0019201339105856196
-7.009344271170031E-4
-0.008969884204813667
0.010726301191138155
0.005662846257123229
0.010088260625285918
0.003914656652356663
-0.014837438393005309
0.0046573470977056865
0.016009176897418584
0.00629657937724428
0.018554865755773746
-0.011416693273024933
-0.003177302375044929
0.011694997406586163
-0.001932971978700363
-0.015388162447524724
0.010027186801216201
-0.013793002081866776
-0.008364331199788551
0.007894412090886779
-0.008891911434797558
0.0051908654261286075
0.005601294161807014
0.020272146278070096
-0.01634659032901767
-0.00810982452946243
-0.01654430834115359
0.001834290942894236
0.006225014788834365
0.006171175617299627
-0.0029443920224807955
0.012875555638301233
0.003144241796326164
-0.004297841541546434
0.0027050267710667466
-0.00151437105505027
0.0040860466357575
-9.767227601565742E-4
0.020373471632269165
0.009437035897989419
0.006245493855845131
0.013079171429357416
0.010622992547019738
0.0210915579747951
0.015129523639846255
-0.014994111319223727
0.0031547040818782615
-0.011963277814150103
-0.015945705976149745
0.007233090691498122
0.06634593678682536
0.11794366380885986
0.028868663836223322
0.2793460788255296
-0.008738736349345088
0.024694498892467043
-0.005780386172773312
0.022402852733667603
-0.030792692061745196
-0.001952040213781274
0.029740122702396423
-0.003932384259344031
-0.009163709766380163
-0.00417698238916218
0.014040104877826509
-0.011072830644999422
-0.002233784145572464
0.011039360758223189
0.005066785030355652
-9.425885851123773E-4
0.027792883162566635
0.010290828276948556
0.02099159953269652
0.005043353780476664
0.028859444453317812
0.030988285080399153
0.03922625939652989
0.010754060159451507
0.008269080558950767
-1.222920858889019E-4
0.006306788799974518
-0.006436526059007186
0.0061349405257888736
0.01961046779502185
0.01479673707848038
0.0038423088347947685
-9.904205628781632E-4
0.0063096165423193904
-0.0030367152867143195
0.00214300475103387
8.235015232520303E-4
0.0057175831081547205
0.004116374613151033
0.01626136884705827
0.0035849630005650806
-0.008802108362856071
0.0012364187277911034
0.009878197990248
0.0062525730806805985
0.009299848479242315
-0.016359682990634648
-0.002018982434786436
0.009857108421230625
0.010391610001726007
0.004815157613654487
-0.014903487794011513
0.010386230242369541
-0.0011660029376940695
0.003550835968758458
-0.003498173026517805
2.3322974370522463E-4
-0.0016577579507161264
1.9506869410778748E-4
-0.0057166658893283845
0.005871986391245484
-0.00640427207326848
0.004908756105182209
-0.0011203925376348086
-0.00985974300599132
-0.014014244037822159
-0.007942740136155252
0.00632005675385852
0.0026062065374861066
0.002997587911949544
0.029796086837057062
-0.018654970330953015
-0.006761843909164909
0.012505524050938474
0.009956456344832804
-0.01435874936981355
-0.010802891296526592
-0.002979546227520304
-0.004094493651099838
0.00785179156778319
0.00738885395338454
-0.006851380035789361
0.007789725841634666
-0.003987233631828906
-0.0074361922265270665
-0.007414896462415628
0.0031638967970906303
0.01564576779558299
-0.004044903451900723
8.236779274346428E-4
0.005137851900357063
0.006900906227974348
0.009141074104625786
-0.00273760950521989
0.03225390349318888
0.009965437491070256
0.015033224576574473
-0.012509684988940372
-0.0015493177386091718
0.023094318620847296
0.014060660089519249
0.0028644203764894394
-0.002930659909949255
0.013514579111851003
3.838466486074779E-4
0.006336986354414241
-0.008205063289833236
9.320272714734626E-4
-0.0027348594380537353
-0.010526349046517553
-0.010638831383521249
0.005253556918535464
0.008589302899230766
-0.00933718932879544
-0.003893072226158295
-0.021190954893420055
-0.005421599027011479
-0.015461774026601666
-0.009609438004616304
0.005935020336164686
-0.00760317196620077
-3.7051083231642217E-4
0.003951966658505867
-0.004200435596221719
0.011485570398712456
-0.0076625036037407356
0.0174352724551678
0.0368826096925103
-0.002159632957279445
0.011547092746662085
-0.019605154254270438
-0.012600924285112062
0.015660553243813793
0.011295295750479736
-0.011382736998423983
-0.022129851683705674
-0.005288528240238793
-0.0019922695251065846
-0.018500411125658332
-0.0018497512908381322
0.01722001405984966
-0.0039855688576404275
-0.007787400236338375
-0.0062869478982610135
0.03075535401528301
0.003309254866545102
-0.01095618509224665
-0.009260738084843647
0.013182196985786215
-0.003252773380719903
0.003052942664138329
-0.006483630881463851
0.005014152487810837
0.008158361847399006
0.008272729767982481
0.0036042428948000922
-9.886424982770777E-4
0.034698418272785324
0.019517961709528575
0.015105577977269078
0.022583817100692263
0.01549392747696278
0.018200616091044976
2.936853471900534E-4
-0.005764641224028567
0.006776157158581095
0.012174310437652283
-0.015163454263083506
0.007779373780899474
0.017591036166007067
-0.012546893829456545
0.011474682727596762
0.0024634252222494072
0.017130983724787094
0.007517574691216774
-0.007518044619891755
0.009674041307305859
0.010619502403980475
-5.471991965712591E-4
-0.004339232486786025
-0.003604608862621662
-4.833451731126711E-4
0.003891299132107465
0.015873637284578645
-0.0020428151315347877
0.007662784780588662
-0.013831233415648419
0.021681647560076716
0.020430337134022647
-0.0013385998250234656
0.001734196385136207
-0.0021677985290612907
0.006847792903789876
0.0034439147579836786
0.005208280554688717
0.009823519225923878
-0.009731570247486072
0.004305674090572211
0.013933312673777896
-0.007037730101147193
-0.015503140577893504
-0.010833785374067597
-0.007784173077498025
0.0036538554813318747
0.011734202069929787
-0.007415002842054995
0.004439799839158645
-0.009759040722011935
-0.013413770456634489
-0.01296243001156762
-0.003894673769123237
0.013883799683797656
-6.372473681249923E-4
0.0076944049527808275
0.004042187350863152
0.002166891820582567
0.016835187284422983
-9.058523410235221E-4
-0.00444581224737505
0.0010395312839328221
0.017864548787082504
-0.0019649627903877125
-0.017332870309178728
0.02549352843987555
0.003793378752563863
7.909144797367788E-4
0.01377406699607066
0.021731022083288216
0.019169811270748138
0.011650938040430457
0.003802543256664649
-9.008355875604283E-4
0.0031083723282556855
-0.0011353825466031346
0.002000227568288905
0.01042361381546886
-0.0021193628597245564
-0.009141409625502877
0.002845381330380282
0.012945094373688334
0.002874240983544808
2.4732382538204746E-4
-0.0031747887354475098
-0.017144727346675655
-0.0042805839897214724
-0.00477968429908532
0.02022502931037909
-0.00957240965315953
0.004671710895716539
-0.005453347445216843
0.0068833998896030745
-0.009764853681739486
-0.010011780941286111
0.004224913913433672
-0.006498986033525207
0.023381841561143975
0.030124352895070816
0.03270077279051329
0.018570110572530395
0.031130304331783702
0.032751375633205966
0.018629341105745503
0.024667175844653673
0.014209222301574448
0.006863038546828805
0.017135870867419075
-0.007208880193964517
0.0086322659924053
0.0010849739258257966
-0.003442298708013519
0.004719735931281453
0.004675240967016601
-7.957493729961569E-4
-0.00764123853295426
-0.01036383684380718
-0.002332813743186133
-0.019588302834311896
0.0015613860445695652
-0.019898918563325062
-0.0010802209839451892
0.0052769138251111455
-0.010037189986799871
-0.02014223362404528
-0.015864019339549115
-0.0019937578606379477
0.008292825565946942
0.012688685841653186
0.021086147979215042
0.023676386918428778
0.02607345238587137
-0.013393606559484449
0.01653800170398159
0.02425405648538709
0.016034675927362418
0.013884938460391589
0.032670010408571884
0.02165570847234336
0.03104218288437653
0.013567546268169717
0.004690063440690731
0.017818361711324303
2.7765848440386323E-4
-0.003292801417114384
0.006817726025165918
0.006072087702381207
0.017651910938129296
0.007905952703693587
0.007138166689894436
0.007655747859284951
0.007081818095128096
0.0055502542213479705
0.01780302106504358
-0.01523312717771949
0.01840567041196539
0.006520404159984049
0.049407789277410054
0.034475268397810885
0.011638557445988353
0.00676116669100015
0.01951203091709495
0.0025220762814164286
-7.148444585050323E-5
-0.014080298023160716
0.0018448762518692404
-0.009626931902530908
0.010343130535113274
-0.007081744101018152
0.02958290907734815
-0.0017912447993507412
0.004209008120192164
0.006356231240538126
0.0028881027150847545
-0.009037259893026077
-4.361746741677589E-4
0.016354383781445925
0.014049682628108033
-0.0026111361728728744
0.004440696236587937
-0.006720720002706828
0.00202572072687257
0.00841303311715293
-0.002254156667693285
0.01258537909439523
0.027967976026061585
0.012449076538363687
0.018147592962507744
0.039586080225761
0.009069958715083827
0.0028894412607849314
0.013571287985527064
0.026560874999759846
0.006396781131533081
5.045357504820354E-4
-0.011218893808662539
-0.01306156895170192
-0.01660628158249716
-0.00538656577403296
0.006715167548903993
0.006804007496130261
0.003748366892639757
-0.003946494988228937
-0.00823017736119352
0.008711222256456694
0.009675995016514071
0.028196912515328083
-0.012134196819788409
0.017878836217714567
0.010332607039694746
0.01771472049317886
0.002811436340447029
-0.0046743091235023
0.013442953239945299
0.017770362308081718
0.012640585190226627
-0.011734422719878885
0.00878810898820913
0.023284205320335222
-3.794505365220089E-4
-0.004566838695298115
0.003003600991666638
0.012191692134765274
-0.0022484076292357343
-0.001334320112181939
-0.01418531959049052
-0.00704481882148148
0.01839362871389749
0.010257929135760494
-0.009284051866321318
-0.005283985437225817
-0.01937682624325705
-0.002006011281116197
0.015569259767954242
0.0058810755711411105
0.005120213345183118
-0.00658661706676052
0.002333855988042193
-0.0023934917082648046
0.0068051963251935955
-5.490964121550915E-4
0.016352783194734283
0.011680380590150531
0.00761896142276061
0.02447249136905815
0.016368159512977737
0.011579044373780748
0.009009962668162612
0.02080222014319446
0.011801239030562278
0.004434331402454633
0.010636940735021005
0.019622414580034726
0.0065639195472364156
0.009098650708964137
0.02002014228792658
-0.003988289650450925
0.009466488167004855
-0.006053170894124805
0.001306559738891239
0.024335991416921852
-0.022023474466892925
0.0012636522048114559
-0.013254194565267921
-0.00800933758975893
0.009542472646891238
0.007732159231739098
0.006676228901225225
-0.006654191363209631
0.003923243910606477
-0.005076849664327404
-0.0012320521203563395
0.009246371729728945
-0.00396216681955527
-6.783093333108885E-4
0.014994481228464456
0.019386776401569744
0.001292179683476336
-0.0024092245140615687
0.006006966980064811
0.0017114029898651448
0.009010832905471977
0.023371019722611675
-0.0030873866027327224
0.018456429401038057
-0.00567033520189345
0.016658704440405528
-0.009546192181272188
0.020490128178948293
0.004647010928954575
0.01035887286897012
0.00937142169413136
0.01833523892733311
0.027990333828519866
-0.008868618810740731
-0.00620380219674738
2.0860566329303196E-4
0.013408255290334492
0.0011012963028174585
0.018264941291465733
-0.007213698516013864
-0.00666291704519226
-0.006425900883845801
0.008112932921914884
-0.016801695637849702
-0.013952843392946912
0.008885741592329674
0.010424159362465915
0.002784055644024884
0.007762516617768619
-0.008239905815843999
0.014375621340003707
-0.008764053146684997
0.008831817593126458
-0.0013394405831152164
0.011186942644058262
0.019604620214482046
0.003814610424735924
-0.004827097642843138
0.005831167228675643
-0.007891742508099127
0.0022389565999996
-0.020085212695051653
0.00368891761760732
0.00577249005080806
0.020198359474260182
0.015760438567558595
-0.007791505292540066
0.004290748858014697
0.012279262757280607
0.0019722590437318602
0.0011260583073403818
-0.002760662356755502
0.005875876516231853
0.005402709807632091
0.018612333934510707
-0.0020921754050879722
-0.009525185055926364
0.01080402944973935
-0.0014698805604109293
0.004954538621497831
0.0026787606077594115
0.00643640981773095
0.007605109790405532
0.012450322772488483
5.892148531927073E-4
-0.0030234274486881365
0.01148640218443886
0.004830949186083066
0.01669706053225223
-0.013058686974805079
-0.0029703001377611132
0.010734684103183139
0.0026645954604567735
-0.0029381129514010726
0.011059134061026484
0.013348687322892433
0.004930823658141387
-0.010407796366123134
0.021629021996544307
0.06239225535563362
0.1461372770442066
0.20949200268009682
0.2378389951487758
-0.030096551065189294
-0.013979719211752761
-2.4180852361233186E-4
0.023989760382137015
-0.030732516613779806
0.005232656293225777
-5.186567145342866E-4
-3.581676859515536E-4
-0.041762123018762344
-0.02533552114212761
0.013212550805958258
-0.017063620310404863
-0.013997272494720913
-0.009328315036000102
-0.001616412248426867
-0.015815904910215603
0.008595722805816249
0.007250893516419482
0.02258000038591993
-0.0039829694533962765
0.022466275978720678
0.021078694979828266
0.03425965581413106
0.013200228422046247
-0.014997894755075897
1.571813088808622E-4
0.03674489723484828
0.03270511386719159
0.02377265947106708
0.021076595770107613
0.02413493237646607
0.0035336663138702653
0.004827367825311046
-0.010702883377883783
0.01166642995441618
0.014606313534777093
-0.014205777699710148
-7.623866681150851E-4
-0.007809802254371227
0.013435277711141136
0.016194418971466406
-0.01101382270372923
0.0044363760482462565
0.008329408865689263
-0.008378670045049072
-0.011430270603926108
0.007988369652407921
-0.01029083116072524
0.00642078345861718
-4.4643141875275633E-4
0.003414080212181581
-0.00439888305017239
0.008327110097319755
0.002298782834288095
0.009621142318052566
0.011037849879901376
3.32544161396341E-4
-0.009221470701252277
-0.0019161077282183598
0.0075123867484535485
0.0057950752401189996
0.02067252297599817
0.03191579807018103
0.02280570271157288
-0.005164773027549293
0.022179464934488365
0.004733093855881035
0.0019003567243130331
0.010128471392455195
0.008371565997365597
0.036137577030508565
0.28466693882606553
0.015350462511772772
0.0894050331045404
0.004822382420688333
0.006223195330270957
0.0015388237971970834
-0.006078491119751007
-0.00972391586089912
-0.0029851898832477216
0.010033006892845727
0.006083324806947951
0.008820861623076163
-0.005083970786635112
0.003938351566835195
0.013505722478248702
-0.0021846066244270847
0.06065676809915776
0.01893479664867112
0.23476087138766769
-0.013891396436492214
0.04521164370424112
0.006415503460799233
-0.0035767396110183342
-0.014591484129165291
-0.008111422306400946
0.0038360803977855983
0.0035139044879540656
0.0354226153627762
-0.013510201185095659
-0.003948087616594222
-0.005143690480461705
0.0034734316845422748
0.0042478614078695675
-0.02738920315242799
0.022651958299823326
-0.0010373363500377623
0.1627948722875551
-0.004851500533886032
3.873973097308909E-4
0.009478622900396892
0.00464365147197825
0.0036985298783925426
0.015683707252256256
0.013372773615800068
0.020891828966574575
0.014441183979302141
0.008611821029018548
-0.0017029371265652393
0.029974156754773808
-0.005108913924225585
-4.82744790257435E-4
-0.00864508074414896
0.01703273012454654
-0.0034771393326222836
0.002680603752212563
0.9520370602768862
0.022289751266765103
-0.012483771940468577
0.004564631822579605
0.0010276228593978744
-0.0021193844207928604
0.020880498123820958
-0.009303502346253852
0.04711715812649232
0.03349811828671725
0.006872247049379869
0.006651258040982295
3.6586820446536336E-4
9.04403408660426E-4
0.011710854968057152
-0.0028495093089226176
0.022762178788148804
-0.0036298226864096804
0.008281774382792751
-4.0227942271147207E-4
-0.012171242619912072
0.003124754368171355
0.014034112404332569
0.0012447881176675065
0.016336158562178182
0.024688773163595197
0.0016557230436694428
-0.009410461866520125
0.007170560690539553
0.009432490632888337
0.009252259052058192
0.016061004854879827
0.005954097980557806
-0.0019404185724619495
0.0019081634402338863
0.01594153559348286
0.0024197575084843395
0.017037703194015392
-0.006702005927061485
-0.002466679668826568
-0.011124208340273731
-0.027732127294076033
-0.011062699147293112
0.008844372108797042
0.011256579754886854
-0.005237606054872618
-0.005861146839889945
0.004871287992186088
0.01216989548731891
0.0012735668830128153
0.005476993581273093
0.012921249059070786
0.003185295837648138
0.017395960366554886
-2.1056483962918942E-4
-0.0022808488445513063
0.015121722872713917
-0.021476030336250992
0.0012268700582992321
-0.008337074021763919
0.0030014843733593027
0.00828298650751954
-0.016169483722659982
-0.015091798403822338
0.8755052767808913
0.042941052975089516
0.02475681464333968
0.003201906049124695
0.011327998101059274
-0.006045190095327327
0.014771065522056379
-0.011396011958371626
0.0075280730150984335
0.14421129248920275
0.0025168107638018225
-0.010666699101702126
0.005777657392818044
0.0022610977045682498
-0.019833827093525498
-0.009869688827181379
0.011709690719003006
0.004353514978770914
0.015371653914192275
-0.01601646261268645
-0.016107404931372027
-4.2281810245032095E-4
0.0017026708170431674
-0.006172753759658325
-0.00270014308437802
0.018548387945652257
-8.603965445736227E-4
0.019011093267496903
0.006631845503792608
0.0028869189112869192
0.003896836903054235
-0.006344572349491312
-1.5221988914861074E-4
-9.163958195079609E-4
-0.001741398899644997
0.007336450918464934
-0.0013549105839275408
-0.0075939735590760575
0.011140117555013674
-0.0031493289502000595
0.0014006437700135783
0.011864959845614727
0.005528897283382283
-0.007362613576629115
-0.016956296821665166
-0.004288965962216775
-0.015856882983424296
-0.010006813714918832
0.002341084574842997
-2.680134815700919E-4
6.647415359435529E-4
0.0028575309768557227
0.00508144195866038
0.0032549013515684915
0.005468908184983603
0.015721311583213254
0.0058031522759877515
0.009374441505002344
0.002428051509871285
-0.016261814645681195
-1.0406167658849135E-5
0.012641719044367917
9.825857366167906E-4
-0.01786411274389466
0.2821424871387013
0.043019041042923784
-0.00880792869975017
0.00608274460947521
-0.008326695145559945
0.005969463720228802
0.01777844449682491
6.997802076082772E-4
0.10554156540986395
0.4022720366264641
0.0020425521318569685
0.04163219508719236
0.0014146775784669044
-0.006598068388225608
-2.449602984174652E-4
0.006721947488270144
0.017340783533868
0.018793254265950972
0.006675626045645592
0.009106182822001992
-3.2432284586272485E-4
-0.023542805757784207
-0.00557648857981389
0.005864453180770785
-0.010620037934101238
0.04655472886004001
0.004949352370355741
0.10548275271529527
-0.004945841271627804
0.03489865409824149
-0.002485354481139841
-0.020434177520030596
0.007076362643508525
0.0035051541253853353
0.005460972219648632
0.007813764279277133
0.024817585262881126
-0.01044271993969389
-0.010703972293261041
-0.009400070937833578
-0.0018084095332841436
0.011037263493083802
-0.001815804279714459
7.01376756073935E-4
-0.008338294186427848
0.01994759749817127
0.00511859243863873
0.0031542155022275683
-0.01841615289053179
-0.0017068600366759222
6.164585537194223E-4
0.003831339331266042
-1.8905628744488994E-4
0.017499823007215115
0.011047095677386378
-0.010208453181969047
0.01084739327035109
-0.004036498514047137
-0.005407566664080975
-0.01632090209302166
-0.0046130157215945175
-0.005452533612642813
0.0014419893826575938
9.623850125958275E-4
0.24305348809813995
0.049733290626107596
0.006821243913645732
-0.0014384211786905696
0.0042073746503802426
-0.006567771450240937
0.0031349940377784218
-0.016918487466044577
0.09123726538525384
0.4613882601321942
0.004164973328954535
0.03898091594533575
0.012651173008637806
0.014204327334943347
-0.0182960688641305
0.0014771349551232363
0.022929314780103793
-0.0023078011810451823
0.019066867294942398
0.01427568794817193
0.005136062516170034
0.007248222438757048
0.005371376805799114
-0.01131281889449729
-0.008686934172282466
0.08689977733623688
-0.0010431124125835681
0.046664933611978474
0.009645841228836242
0.00766276980762466
0.010901925609739141
7.842466089654289E-4
0.027101197250162808
0.015779150411724667
0.009236600011093459
-0.0025984420510652864
0.03609951650685728
0.006206848490971722
-0.009789462952960671
-0.009638791818660722
-0.010992979132189612
0.003591684158695239
0.008970971496746662
0.01236716615351434
0.011358803848396567
0.05153012537191199
-0.0060428514750247315
1.3248228586866333E-4
0.011728325731278378
0.016107607254089603
0.010172837842550837
0.0014624679569778796
0.0016020509844024197
-0.0024075743510612478
0.013648462610004068
0.0035967226384779304
0.012043168219659943
0.006284216509268197
-0.007741534317895227
0.01886336580570327
-0.022424718660710618
0.005885572436872732
0.018547778638265285
0.0032678915702164116
0.9623768779176085
0.0430801208780578
0.013976437576223957
0.004870977843523823
0.018135332698351
-0.006274699602947288
-0.007851943500855316
-2.5393593639331814E-4
0.05213495633676256
0.034284908995796066
-0.0016510609981400524
-0.001888414606744841
-0.010054007009259264
-0.012466177004283846
0.008790709837382013
-0.009688512038586167
0.02332016297606239
-0.0011821451224805848
0.011532918139864906
0.003855855776418671
0.014397486838695057
4.935934904969703E-4
-0.005591969675844897
0.0054916731048809
-0.006926511426329462
0.009806596866443563
0.002630815437540741
-8.278696896214626E-4
-0.009360718873806836
0.006031470014015001
-0.009801646262753164
-0.008072543437953517
-0.004486442941234802
0.0010964593548464206
-0.010774283912456769
0.01127339589282935
0.014777393913140776
0.004855506122040978
-0.01481528214001025
-0.01288302194709394
0.007057883150698576
0.006572598541196743
-0.007549539974941774
0.0017990053310883247
0.011373704845173417
0.0036555151543736777
-0.022744732378377135
0.005442590574370949
-0.015780361186692786
-0.0017482258622073382
0.015198375206670514
-0.001842669950397913
0.007182803115086751
0.008422425912525882
-0.004129793302513748
-0.004499489249217897
0.01179606766927027
0.011580316566696681
0.00699292095333785
-0.0018505961350368278
0.0022817859963845176
-0.007028099536273009
0.005535355678101968
-0.0017362347534668964
0.9721578659590167
0.018750988515551296
-7.412934959240659E-4
-0.0030407315285746208
-0.006869272039340995
0.006085971923930741
-0.001529071757243839
0.008981384490763628
0.043163320629313454
0.03123567687014687
-0.006138278894747676
-0.007174482456909906
0.0075953488766317395
0.009424769352525748
0.0014399101288627722
-0.0022296526102880986
0.038067886100498306
-0.010182287105597869
0.018776696521476798
-0.0031823432836919374
0.0036191069356348274
0.006277055199711832
-0.01150086404119071
-0.003927034531378373
0.0071497386342748905
0.0034210640074712534
0.007015630257233309
0.006818453920989472
-0.0038517147922535054
-7.680248970614966E-4
-0.02056628975148347
-0.00177627275847011
-0.0037038758763883236
0.0014430557346315584
0.007361331080372542
0.008311147463622081
0.001154428752723095
-0.011736943463670832
0.011519246103599286
0.009223405198494078
-0.008994211177855253
0.002727347101910908
-0.019061693624701663
0.007628489253479994
0.010555376826596232
0.015722041670987313
0.00919131609045399
0.009852462774513324
-0.005644906242476821
-0.0013357144601545976
-0.013933956606905926
0.022594193027279417
-0.021284998203392105
-0.00619819779905257
0.001189121828814304
0.006138441936083484
-0.015413626269657695
0.0042297851939457785
-0.0035162011879653703
-0.008760939034406055
0.0022088320265893882
0.005864443659009803
-1.7965873589835458E-5
0.002487607910254517
0.1359063715113241
0.029071151148019697
0.0055670375711080345
0.002133645021761775
-0.00959515053839166
0.003652053140151867
0.0011075509926566265
-0.0015592434707742675
0.0662533366847341
0.4305263421244845
0.02570236026579311
0.05439615209306002
-0.0015478618012361165
0.001619590349932074
0.001803051929545642
-0.011664903965712455
0.007733981137934076
-0.001642036051065503
0.1034858718930325
0.007140839947718743
-0.020435904403842405
0.00969066323351224
-0.009028811974685481
0.015561594872362493
-0.005695152817733224
0.0579116264636985
-0.012001519810256869
0.1213025076981867
-0.0014786646428293277
0.006732387706171144
-0.001807871047562652
-0.02222069921325183
-0.008553834444304936
0.015944414960887
-0.014725755637478823
-0.0023407524074159354
-0.003721070809606265
-0.01884508305000119
0.00862794842993899
0.004244396774340992
0.004144532913833308
0.006958602481530433
-0.007765242184072312
0.009174763068539522
0.007591871397853818
0.012252298420922873
0.006635458328287754
-8.229547543384525E-4
0.009174596185336444
0.012760418644831672
0.0030372291098495346
0.007779444640162391
0.0056442521199587
-0.004696103186649938
0.007413511384389552
0.006795166398712569
0.006340823483846078
0.003803520435867706
-0.004718702276790782
-0.010206608403285886
-0.016811035579748456
-1.3873365862674648E-5
-0.007380299671928694
0.02023214290267146
0.007786202125092696
0.006212618285870139
0.013006989700082223
-0.0015958542284437282
-0.012402050667149299
-0.010736073308392349
-0.005156805391943929
-0.002947090429655593
-0.010003259254240728
-0.011020399408334079
-0.006356468292041981
0.0010094015910525477
0.0050818611241578064
9.259649862355827E-4
0.015541604984376527
0.030620176762998122
-0.013541723337059724
-0.00794107414462633
-0.008585592619583778
-0.03696462893539998
-0.006740474455232363
-0.011878281643445418
-0.007817786795792692
-0.005887512942130417
0.001885359749783626
-0.0018056157541523554
0.00708626065705154
0.006452991542506828
0.09721982202413551
0.19016047247889492
0.026425038041316247
0.027240253356029465
2.2197556635273602E-4
-1.1542701296783693E-4
-0.011132850771395966
0.002719392411792327
-0.0030444124772694287
-0.002152848390396753
-0.003167364045694411
-0.011885868067113456
-0.011199562424811705
0.010915218340393901
-0.007344154183001396
-8.258152906133213E-4
-0.017219395085000724
-0.005459116155142576
0.0011053524355395894
-0.012566973919271482
0.0036656267214692216
-0.011084738298149342
8.384294367496695E-4
0.004032128440839187
-0.005150956572991256
-0.010273443209852729
0.0021225257060139
0.009306642600049748
1.2767271030527633E-4
-2.646206979405484E-4
0.013842250494602961
0.004616106632569346
-0.0014785906951032015
0.0028199671964351733
0.009521532559405424
0.013148963844764789
-0.002449376129800176
-0.006163941470273589
-0.0013783167907907234
-0.009126103240022604
0.008752830920197465
0.011848480422968688
0.010273360666747992
-0.007443624226728577
-0.01053902217327445
-0.013600828241949473
0.015519995343978195
-0.006042153804779247
8.31946859551112E-5
-0.026674615395192305
0.014755371466024665
-9.163988136213666E-5
-0.0015483804371192503
-0.014621098971892366
-0.014027353709819883
-0.018231226389214667
-0.0015071921113669292
-0.0022323091225345346
-0.008029510050358079
-0.015217815948372761
-5.252940492926778E-4
0.023430737515718073
-0.005241273503166082
0.010353857120826537
0.016302864045808742
0.0029612767214683257
0.008279920751855125
0.019668234566127474
-0.005936944855129596
0.045375873941791954
-0.011063670071046434
0.12743527644979943
-0.017257734308796784
0.1573905616636102
-0.03609053133977419
0.1812087227243809
0.03954369986322405
-0.036285308409241504
0.09952789607233649
-0.023756536750615127
0.030049748561120342
0.009896833351232414
0.26630468133206064
0.04310440669837868
-0.039053645838641446
-0.04468299577192745
0.012619480308515679
0.006259914689338248
0.0022660336880813937
0.013789419835255208
6.675598249355525E-4
0.004714954434162992
-0.04226081705058501
-0.030172595929326983
-0.05030501222922056
-0.031686771338019414
0.018232396890712373
0.001842812379792513
-0.03331502104715299
-0.016722648945963196
-0.013733270341322526
-0.033621135368443945
-0.020606030778391668
-0.017212950573951974
-0.01612004257711559
-0.022000382879114534
-0.019103570771757446
0.019962500433309174
-0.02472785767916013
-0.02673031289975902
-0.010129207466691739
-0.016037575557741907
0.01408115337018008
-0.005920847809649224
-0.016759115356126102
-0.01739674954902697
-0.01647586398360986
-0.017971293023893716
-0.016071357716237453
-0.009597031431667152
-0.019956078757330648
-0.01823234361391559
-0.005354461252896198
0.014205957416761547
0.012645257005693517
-0.011880185725037894
-0.0037559444613314975
-0.0049573169176705435
-0.005670999205612765
-0.010665323981721543
-0.024234738686186728
-0.039807145573001745
-0.002827974170791211
-0.002687085457758322
-0.00315925424823595
0.006551723654399787
-0.007508444126214706
-0.00181061903707653
0.01654062066860144
5.599989252185174E-4
0.009675150459977626
0.0036426653973682223
0.027519838920427305
0.010115395004050924
0.015254545635572426
0.003286840161320846
-0.001582899550929261
-0.006979620735949446
0.011214343300437631
4.2159465312607196E-4
0.003638271044653973
-0.012227396386028738
9.381633892477939E-4
-0.004613016845869972
-2.2761735454307356E-4
-0.0010297019454310352
0.008852118428171976
0.024808198255426683
0.0033664932657954897
-0.01150084770567941
0.01642883531381189
-0.0054885080188869576
0.005914180581999647
-0.0017544724349894134
-0.010719738994672056
-0.007970029827925792
-2.286399013204054E-6
0.01628453863498816
0.0018140328652983982
-0.006554847620873151
-0.012093278544214357
-0.004773482948355615
-0.003213324083122023
0.002784583687200765
-0.012291061526867942
-0.0017005596748253958
0.004169705284566504
-0.008694555643783219
-0.005520228911886699
0.005307086804116468
-0.00633546512022086
-0.01611420472931032
-0.0027580886519477953
-0.0024666249235425885
-0.019437872756273823
1.7368510743647565E-4
0.017497803809969785
-0.003463918598960179
-0.014197666912123201
-0.011259435389071223
-0.014080544403676199
-0.007996262424070078
0.006135907923438767
0.016172708406999484
0.01029364244681024
0.0034910323284148767
