0.0043058418941737805
0.012119159372386801
-0.010800370002988313
0.02826842056796216
-0.009799472058264709
0.012136149386234045
0.01896285708601688
0.193405478938962
0.019173107936347283
0.002303117391174573
-0.010085971442520379
0.01852171300514376
0.01912426032177566
-0.0068965195012295755
-0.0029151821257994387
0.016743207808864118
0.006246109762491046
0.004263654654357609
0.017798903669180553
0.010357523631947363
6.691639839986078E-4
-0.01537456177211848
-0.013576003473971312
-0.010530807932233514
6.859914582210004E-5
0.0072592063895635375
-0.005758881877200823
-0.02430509550724845
0.0014635856706562919
0.002184524136670273
0.00499206305496751
0.010076642217695308
-0.001047396235584163
-0.004291428242386354
-0.01279873529671835
-0.00860877724275733
-1.80335793580875E-4
0.01057070806672403
-0.01307300899101821
0.0011254067915439751
0.022945235773072004
-0.01511002492810657
0.01227824499525251
-0.034235328361635724
-0.014402054335742279
-0.009225973196564093
-0.014818485035276108
0.0282703579825124
0.005693251184587447
-3.455969627538571E-4
0.013011095199724251
0.0033401290159671233
0.0010387567338549493
0.013938061982834463
0.017898538405792287
0.007008333517182085
0.00936099812096478
-0.00799332936979474
0.009880951696959905
-0.02389469116104491
0.0029651625595006137
-0.009513842065237088
-0.003916515463162763
-8.432025182294376E-4
0.0018351869172576762
0.0028600917535474618
0.00973566576704684
-0.024176534592485466
0.025056117739137396
-0.016212009548214744
0.014451395856974487
0.010391222019791476
0.0218459842005961
0.029149857791060912
-0.01294491332330114
-0.0059976228372135565
0.01445085952400374
-0.011827401151787719
-0.0015839205764388543
0.003791319546813451
0.003190353548127669
0.005595106262768124
-0.007979037033553071
-0.008824111087639986
-0.004225747578930078
-0.015889923465197964
0.0022636962705163345
-0.013128180043416954
-0.02125516909951182
-0.006500100290874343
-0.013128714781080075
0.013329313919176085
0.009754677304104146
-0.006362971085500364
-0.0031221405656172325
0.0015161671995793614
4.849313664557123E-4
0.012571558147359068
0.007469450134916618
0.006513983699910626
0.002492148360828514
0.017314460932494887
0.004758753304312583
-0.0020090423685854724
0.007018415641253487
0.012232213808692934
0.0036044872324556172
-0.004136651270523376
7.83152012303894E-4
-7.911098991535303E-4
-0.0025709959463829464
-0.013187056788773332
0.01902453524586459
9.731024646443195E-5
-0.02187306191707555
0.0013033812861209311
0.01115937902756749
0.02010273885233503
-0.012995182016857447
0.00789896985634441
0.007045164794398163
-0.0010940894815696122
-0.0073171199542198554
-0.0013486501185621762
-0.011781587899326904
0.0031497868146291904
-0.0038175442049081213
-0.01565657798895673
-0.006579081535286137
-2.0652182629601722E-4
-0.00555108415617246
0.013047456072087701
0.00572291808992211
-0.011915038191644503
0.0016841585012194458
0.002536404073299119
0.005375987395716716
-0.0018062406945462816
-4.6101127757318665E-4
-0.010590715926982826
-0.005537437163332301
-0.008235255316003755
-0.010858142524731008
0.006111682088834955
-0.0049366578849628215
0.003200504364310193
0.015223795649449026
0.001519828708995261
0.00564268723380809
0.004399657698657798
0.001818429810549694
4.6865240464354E-4
-0.0021051595380302546
-0.0019304032648741949
-0.003269801929023027
0.0073569961847271504
0.005415348909859191
-0.008311257930591346
0.0033446833627667444
0.001942297529404779
0.0040561363446789045
0.01147023153049433
0.024703646684320468
0.005903452585218306
0.0038627902205969683
0.01679160266515116
-0.01159666169196869
0.003508497150657728
0.005476506541611787
0.014062137943261957
0.00820345033710551
0.0017279120343575785
-0.005327935759215524
-0.017264916081308698
0.00387964727364302
0.007388430870396921
0.021040985194613226
0.020459213310695317
0.007134854908051886
0.01978113014975569
0.01763554663345793
4.859201639110222E-4
-0.003931326614489918
0.012181605720226807
0.07761724157504211
0.09993249215892408
0.013093865970391454
0.10840753724985724
-5.688981291402803E-4
-0.002548450462961742
0.013026308976051941
0.001279961274622317
0.004524534503132711
0.017570987026362554
0.015798427520625862
-0.007267922942257554
0.008627067369395565
-0.0017766225717310547
0.003122056700192682
-0.002371259776778995
0.0023450312414450888
0.009150832361484368
-0.008276753278767143
-0.007063116460561191
-4.9106332807041515E-5
-0.008721796966357094
-0.01396678999747251
-0.005085223566728247
-0.0053750128748629765
-0.01748592702444603
0.0029128929291313615
0.020301898472563803
0.012539124263860068
0.0145430978961018
-0.005824092204159429
0.0027105319953041026
0.017442786366702708
0.017400944860912742
0.022125373136323276
0.021887144532480786
-0.012605436554516503
-0.015146563105493891
2.0080093685952778E-4
-0.0025960902244325512
0.010174745124117044
0.016442095082494713
0.016576311839809454
4.107043772878825E-4
0.0014337804112733057
0.015196950155855255
0.009437749751730002
-0.0040582606218735745
0.024834245310401747
0.013587567105337801
-0.005691309095737343
-0.0032992942334719583
0.008230555991735946
9.987532296984111E-4
6.774231180162152E-4
-0.001066873266374971
0.011209065138734509
0.006755814128184275
-0.0070345766656256335
0.007588290215850322
0.004380532257949689
0.02223445524134169
-0.004785444156928698
-0.006221955072023364
0.02552558901232382
0.07477242366174161
4.886201962566227E-4
0.04091792055003797
-0.0015387151001399221
0.010572143014740914
-0.005773119936007234
-1.6764612383810636E-4
0.014703533738794025
-0.005423558432924254
0.01528959857832185
-0.004521951943078599
9.428235665542125E-4
-0.008639077023295744
0.014932081165434711
0.013115104170468865
-0.021658627349252148
0.013564662149578315
-0.0054859346235500836
-0.0028291790660288987
-0.006146778549101273
-0.002527782745703123
0.009885738459134869
-0.016877448453701805
-0.010389055572323287
0.0017024318623189024
-0.015312684106187531
0.017895172641625615
-0.0028174142107977532
0.0012175517515807415
0.003626606435311838
0.010200093725085091
-0.006579026689466181
-0.006576306618187143
-0.007352274960508187
-0.0018422972247120403
-0.0070017379471288485
-0.013187554301958669
0.0020486108792256885
-0.020352812360177327
0.006869798016817944
-6.786302607157885E-4
0.004752542602207864
-0.005905329424310047
0.013936094658751464
-0.002369877792181087
-0.008533542887877693
-0.022054285536066795
0.006940740356301204
0.021673217900145633
-0.006617529482298835
9.756236614479241E-4
0.005399466792699074
-1.4116665130276362E-4
0.015157169226171191
0.006697364891143478
0.023065096782140377
0.011233550886604975
0.008446304540010881
0.00298317021518411
-0.004488035340794592
-0.02482073055749294
0.021349499619627798
0.027077901172410143
-1.0205014326941508E-4
-0.0086365338040682
0.050888890692194676
0.2998846057605365
-0.013454221719596579
0.03601298321607383
-0.011599872636184552
0.02697572194592631
-0.007945861997870052
-0.009857640287925972
-0.006558275906561931
0.010357987338088605
-0.001331458026348008
-0.007428281155209758
-0.0060277330575212364
0.029824607380943474
-0.0024109023951727937
-0.020729580829081173
-0.0047273690843511705
-0.0036213908765590935
0.01468357423405664
0.02150742036833953
0.01383801265967791
0.007617500723668755
0.01907215662014683
0.0033434127820106702
0.027330644617950674
-0.001724059337987868
0.0294539945819086
0.014257061023583732
-0.01809479861029928
0.0035768892418926524
0.034913234182149436
0.03915283975684197
0.025991226968129895
-0.0016626629811558426
0.014315065020398272
0.02712753754929455
0.0198090200562372
-0.006693064315832159
-0.0075739980373805416
-0.008929111665846756
-0.011722561512731936
-0.0076484249567528705
0.0026016690882399046
-0.0036596879009732895
0.005114107067990422
-0.014598871198238841
-0.006495812098500626
-0.0011586729548226894
3.90708588786776E-4
0.02149422937745939
0.0069176397562491785
0.007340114740168923
-0.007866811516639401
0.011037252998010538
6.06849623721144E-4
0.0032636322642180544
0.010536052715604385
-0.0011282788103089633
0.012748504393576356
-0.011915534350469714
-0.001868066219261548
0.00391100079816676
0.007111872741991735
0.009450086318496033
0.018463306682725278
0.014574680775221732
-0.0017312448391759347
0.014919370738024887
0.0132905147244122
0.03990798393696553
-0.0030522620572103415
0.010201604797514864
0.009678114038401192
0.013027197255953235
-0.0011668395861423914
0.013518290784423551
-5.575137106471799E-4
0.018965581930088835
-0.012915278987680523
0.012083815398822771
0.007720696156006813
-0.005565699853016256
0.0010039051335219693
0.008751708180855505
4.8476852044785496E-4
0.01578049543936602
0.0011699177143418803
-0.02166796017106769
0.005431648291235535
-0.0012817097843821764
-0.0035494801674846913
0.014759906080745797
0.011633417099356206
0.0022176297533606166
-0.009814240552251325
-0.005580903113484451
0.013998306316431255
0.007586434223376988
-0.010295938336880832
0.005978209890777492
0.01814198577215982
0.01719759785389327
-0.0022481135841535015
0.006041784497345892
0.005872073185420913
-0.01008536729916956
-0.014883844415305466
2.3194392949030562E-5
-0.004113844244590319
0.011030269869773087
-0.012482963399499449
-0.007046379138533151
-0.0011036780906793237
0.011006278607658704
0.01195942483448534
0.010827660006257374
5.648204266741226E-5
-0.009416656678469726
-0.008062724565847905
-0.004234089107466585
-0.0038264407784248467
-0.004089290366908998
-0.0058567272657730676
0.004623640870798557
0.006362137918976085
-0.005315406731999274
-0.014673569325284972
0.0048382947632014
0.006076655359826372
0.003446946127025986
0.016664059940057693
0.034370224934887235
0.05470998085655493
0.020204260091632176
-0.005984750636063095
-8.647106637604922E-4
0.004134856812414447
-0.012630697338667094
0.09532789640485055
0.07563145644197362
0.009436667072627823
0.07730722237345415
0.0072536912454610036
-0.01357549863977435
-0.017002021202880226
0.008846508340395484
0.010970495351973966
-0.010966561752046257
0.001978649827899733
-0.00444466011958124
0.021781708291279633
-0.012248684610048027
0.0018851427602497683
-0.016786413006114345
0.01608787588471375
0.004792951481671459
0.014168371128456085
-0.0017670446149852565
-0.010744309039649813
-0.009960726496617939
-0.011890841692454275
-0.0029376147693430076
0.02354606802976352
0.04012367133992128
0.005693764413312169
0.0946548882705209
-0.007847844401228463
0.014553450490740924
-0.0021958147035048402
-0.022514477462901458
0.03439823728705855
0.026505631421143067
-8.250334601991403E-4
0.06676101343402054
0.0021046624133810913
0.004105270368052847
0.0020605928525885184
-0.015851624474919074
0.004089898205409505
0.03530117068073988
-0.007975514262356554
0.002811605465969262
-0.012622019444076735
-0.002880866699797643
0.008769887334823154
0.0035775764292433365
-0.011186957781220953
0.017056557549000508
0.00895685950297311
-0.001056194795118702
0.009910864654468153
0.005573695088869377
-0.026850584766642684
0.01589257529038967
0.007463777730086235
0.008946947892084237
0.0013071690130757843
0.02907347506877344
0.009290502880671805
-0.007953347201982935
-0.0069654337818048535
0.026167511956834474
0.0053650340241531615
0.015653009023578954
0.008292476665277241
0.26360215767019946
0.0033955175927488615
-0.016562794295439262
0.010278519850519903
-0.008633944993086937
0.003687051081196524
-0.00984860138876642
0.008378996394731938
0.002661041864848435
0.001171247772547051
-3.092645565836249E-4
-0.0010069910555802848
-0.0013011635268675233
0.0024969333090066903
-0.008614221245805997
0.006478306540490521
6.519575553903076E-4
-0.016492838496505534
0.004095642509746199
0.01160783802572044
0.016125425110671037
-0.0010211131449211332
-0.013749919423116728
-0.01053173204399914
-0.010942275699671902
-0.017385744710467225
0.030789914993519185
-0.013994639817182497
7.055407795989262E-4
0.006099197621964155
-8.093570204891915E-4
-0.004191513749943607
0.002867627130893857
-0.006366886989457308
-0.001973706692296622
-9.209139955361427E-4
-0.02185958921912398
-0.0034711202325374887
-0.00667311397338785
-0.003061787446912695
-0.0035874287982754368
0.032530454534669614
-0.008438560800581162
0.008557371258346562
-0.011912500021962447
0.008198059113778031
-0.002284917355381239
0.010107084931415369
0.012969360245111564
0.012225125508265147
1.636091756470606E-4
-0.011732609474065412
-0.008819747119906064
-0.006075896618175995
0.004469735986502955
-0.0020478002880124874
0.018975390310171966
0.006271785335181931
0.0049090782841488215
7.727737400808848E-4
0.01685677263830907
0.015095948309512604
-0.0010636842324648007
0.012204643524571838
0.029873685984492786
0.008567534201491067
0.0023407803732395146
0.012714826801053326
0.01158911358193839
-0.0017536564822779235
0.007764868382118887
-0.0039980954312448
5.31646822766332E-4
-0.014566513204855937
-0.01095176195273081
-0.006948310305794633
-0.010650656846296886
0.004459403927542462
0.006870528280501888
0.008660628304319198
7.389857894557984E-4
-0.01749288451276922
0.013066642466935174
0.006692955962088279
-0.012656394711814834
0.006165806120210785
-0.013363672498713387
0.0033218363483502214
-0.009949106105826942
-0.00994341381380775
-0.01832790339898591
0.02123726375908145
-0.0061376281524191
0.0023039024601247114
0.056777863270477
0.01304116369835029
0.03241327306594115
0.027752183613638008
0.009643008309410828
-0.008882155995346136
-0.00880964170029646
0.011973483488557759
-0.0012523067106733755
0.0072568201443385435
-0.009579454526002546
-0.00592719773603047
-0.010913398257926853
0.023787990337335117
-0.00723429789623354
0.012097909238211942
-6.735588795293955E-4
-0.009661962339826373
-0.011532795744687614
0.004453548864633114
-0.008809644453115375
-2.396799285031174E-4
-0.02094013678707938
0.002277019965276981
0.01687571846041107
-0.022739195359965006
0.006359350105923027
-0.0085784512663086
0.009488251781728794
0.006716561763187708
0.0032523719295457776
0.02122013837248457
0.009049667586287365
0.017259182120548694
-0.004923607634135562
0.024511857510635407
0.006894123541185926
0.005211088713035698
0.01631230883238657
0.014525993088303771
-0.010785670777549057
-0.009955365826172508
-0.003301256992678587
-0.020384380884573026
0.009263528758173422
-0.008536351324544217
0.006309137771145419
0.0173530074714569
6.499066946112284E-4
0.005565440122251619
0.003993645310789528
-0.0044347140584346835
0.015478452852969326
0.014605395815562456
0.001789154439394018
0.022971748303246116
0.013972102434322535
-0.0010627709143075821
-0.0270674887891163
-0.001857862929913389
0.00465640494556005
8.397863317099183E-4
-0.006382295850177415
0.005387425858882874
0.00866923196818481
0.009745321867353067
0.0422263894973845
0.01834881089618343
0.01783672936931916
-0.004201030436767978
0.011725650576969119
-0.006138735838724202
0.023552976016321704
0.035116214884941356
3.6293232561783744E-4
-0.0035789567218095517
-0.009506547042337351
-0.0018640581188995031
1.6334057515111984E-4
-0.008570720527121755
0.010545843474615301
0.03350446622580906
0.012353585604232461
3.817760506758395E-4
0.016909126495225905
0.011967610956832924
0.01987923921997109
0.012111543951744037
5.929297674226147E-5
-0.023026576518536
0.003008452348742211
0.008448032522837432
0.05765844815384125
0.11815295833976537
9.423565951738331E-4
0.15996500658794
-0.010578485863323881
-0.005297949440254837
-0.014334689470551526
0.0018243771227548537
-0.007170045533970041
0.012381519809199937
-0.011846955496784262
0.009625070345065887
0.00111279926463685
0.0012120532293509046
0.008924257224386023
-0.015885287082277707
-0.007253560424033313
-0.003903379980582732
-0.0032113691211153833
-0.022071168787121016
0.004675292730125255
-0.014582807732555474
0.0045453639905030365
-0.00528763728537025
-0.010773714382614923
0.01973083098123481
0.00926667109423989
-0.0012777198366640578
0.0129199206922089
-0.003082021005789889
4.3594770249460617E-4
-0.00655507229832648
-0.018446812199541425
0.01505098418262534
0.025926518965704595
0.009226846897582587
0.012847819821710257
0.01827676579429683
-0.02895581518883565
0.005667468602267298
0.008268747034400318
0.012928891187427384
-0.0024767945495003546
0.030734782186323563
-0.011442287168325873
0.01571856619825583
0.009474116399532152
0.021519074873355942
-0.005151609106257012
-0.0040477999527440975
-0.007907818723838717
-0.018161995939583543
0.011534224124089837
-0.003413575066945992
0.011329348020634974
-0.002303678356871873
0.0017481301140937068
0.008840913880230158
0.012133558463480035
-0.006528192931165451
0.009228424460552448
0.0054220822148627005
-0.008128666633281524
0.01579488179895984
-0.011539140731986761
0.004484145948485305
-0.012418010667403393
0.0804667069343335
0.005170066179826202
0.0338670249648998
-0.030517748746323292
0.00335217658156991
-0.0020300944473502698
0.001474574553400827
-0.005323839939531304
-0.008335289977852128
0.017472273362793535
-0.011695678278635243
-6.039166123367984E-4
0.01053915906674897
-0.008243825584541318
0.00505364374635945
-0.007990927928149368
-0.011836704315595917
0.0030865187393111326
-0.011338630799956131
0.002113011527566765
0.010485538095536697
0.008153716210069304
-1.3753769951286107E-4
0.01569806964485557
-0.010155284324321669
-0.015492332372259388
0.02783420946444938
0.008320514417073236
0.027920544951434118
0.009659747339925577
0.0018301421435896587
-0.015622763881991507
-0.01185643675948737
-0.013237020802993939
0.011294801235625582
0.0030408502318136866
0.005057158056174
0.012492646351926531
0.01932013971893354
0.007111757188844199
0.01642491306790129
-0.0014886650370976367
-0.009430895596181044
-0.0022156616806727546
-0.007726977864434258
0.014119657799712242
0.007480036729750772
-0.004764863798371131
-0.0057964517161182404
0.005759693804377551
0.008475004387361597
-0.001574957412844382
-0.0022477521931579566
4.863772593312778E-4
0.015182204961413997
0.011680396399255983
-0.009336407877319416
0.002320528422517709
0.0036404535722588246
0.010134839544535878
-0.01945033609739097
0.013820092502235459
0.0017236459852788563
0.0032781126320212393
0.3681119761255945
-0.004532161856088538
-0.007976386628339303
0.0022406623143311245
0.0050439089237307826
-0.006358616488810238
-0.010804009735778372
-0.009745181002127708
0.012562497213405167
0.014172021575188392
0.01979711484219931
0.005550625921680256
0.005370726976593493
0.034846179641292815
0.0061991412616733315
0.008796045991761967
-0.010195700544916905
-0.02780184077787099
0.01494819232508703
-0.005167520157511009
0.0018508805965583505
0.011749332030264518
7.845581825709033E-5
-0.0011747685083336227
-0.00544691466774052
-4.677191600586645E-4
0.0055070235008567725
-0.008027520308400423
0.004666078709630336
3.159701717302184E-4
0.05674816441352985
0.07262374177674243
0.014441472566953027
-0.008068888663694866
0.0017077604151124535
0.029961742915464763
0.04737512778907244
-0.008764880390670233
-0.008592429007328343
0.0035973744182794067
-0.007504413480066213
-0.006707555451325977
-0.02516409899469389
0.001083202032375205
0.010975477445255897
0.008885401707440595
0.00491583425798997
-0.011536060944509277
-0.00305949822719763
0.007485311885772405
-0.008119546212899948
0.016321408345173385
-0.004824143426641415
-2.966431702467132E-4
0.013904697442058658
-0.005143819356558711
-0.0030401366132497836
6.813455078630777E-4
0.005609355868503328
0.009845149405366623
0.01436505232924108
-0.017671551062029448
0.012990259163563308
-6.651726732749476E-5
0.047693339366418855
-0.005705378200693828
0.005074706732625263
-0.006850032682088832
0.013972077112464659
0.039619170450497856
0.02035602259278303
0.009775490894401545
0.0046649663282788125
0.0021988044173091785
0.007517613881168819
0.002191944876002815
0.015252268895953696
-0.0015294720590129083
-0.02124321458788109
-0.011196744429768313
-0.009578103036151983
4.319866695268431E-4
-0.011232231003252307
-0.004535844710776906
-0.015488194892741879
-0.01977513058099731
-8.428532687761645E-4
0.004905956655735105
0.001981930581907996
-5.58491889519779E-4
-0.009862186059996008
0.0071575157517263545
6.331220086447863E-5
-0.00617463995750253
0.018262734444319677
0.005835583487605905
-0.004568225540961103
0.012644100717789835
0.02149190090307131
-3.337419725190386E-4
-0.009926886215879645
0.0038940302224643184
0.0018431942289365074
0.008263376588127687
-0.001193120231927467
3.471603149633032E-4
7.666135043097887E-4
0.0032630083338341864
0.0064765529082444154
0.00861901272459541
0.00696341196963725
-0.0014745566093888004
0.016527333002871344
0.0025276107915167623
-0.023919545734992775
-0.00226588334832276
-0.010847338963132428
0.0038777656267450942
-0.004890891041534788
-0.0021372813182183766
-0.006884556541713132
-0.013304995192601822
-0.005775701722786776
-0.027048088185789014
-0.014521799081072897
-0.007858955402088317
-0.012258157724740464
0.009848799411330465
0.0038643205310443895
0.0048113672727503965
-5.401501993937407E-4
0.013500611207110377
-0.016593152590587645
0.009618627001350716
0.008812480140718672
0.04334256543950125
0.03593271663032037
0.022318818556438
0.022478945567918324
0.1296111178155791
0.00894182750673132
0.056195355917114886
-0.013395501972033635
-0.003859583395050603
0.016215379131700177
-0.005639571174591424
0.005134898727662882
8.46850128377451E-4
0.0015881791354362721
-0.011322671248320893
0.01828046247161197
0.002559967133034354
-0.0022438481106062808
-0.010568950695232058
-0.001088122381509115
-0.008069065406683765
-0.014391130666474381
0.0034649095510475444
4.6550135204935896E-4
-0.00733340167963411
0.0018199050175455702
-0.0012792504999403415
-0.0011315330551395098
0.004849513511724759
0.002047398565815452
-0.012243174455340688
-0.0019894405641490646
0.017774516918654008
0.042584430970850566
0.10940273029269988
-0.0160188379383796
0.010405966876580469
0.08468519183990061
0.001960472536731206
0.0582112778086029
0.009075668653974413
-9.981887735645177E-4
-0.001531276237584038
2.8710410085234535E-4
-0.019963565502411025
-5.704770385774476E-4
0.02313875138673901
3.6227238234949805E-4
-0.010537302052821065
-0.001861226874699017
-0.007843334549882248
0.028788435207126484
-0.0010939714018925995
-6.197327303356258E-4
0.004662426159893772
0.001588326066446687
-0.001168005754087797
0.009810609258259467
0.0038993018528365236
-0.021993706674952214
0.0096497011196024
-0.0021283399383902534
-0.009620314689980435
-0.010588860427313138
0.005777523913027084
-0.0074444004360768425
0.03307685076322807
-0.009433780114508683
-0.01122665985627993
0.33966105904946814
0.00414275320896343
0.0016571264478884903
-0.01304744462837683
0.012655545154031481
0.0196992815694411
-0.00122756233453637
-0.008253711267201423
0.003454747066542462
0.39781566636178883
-0.019798387120173466
-0.0027711192761074193
-0.006409158785272883
-0.0015830425958830224
0.0058793056080630795
-0.0013447665478340867
0.02278619949686586
-0.007987261913423856
0.009422317186553415
-0.013016852556538784
0.015297507173972743
0.0010731094163138612
0.001180102755251584
8.146459852847409E-4
0.004361933452365567
0.013003823787932679
0.0071260800833645435
0.09744206625192871
-0.012364977326120515
0.004218896638664925
0.002990590837203732
0.012919170231099378
4.491421089687272E-4
-0.0055945255305325835
0.011697641196469273
-0.009369302095672797
0.021948726978852463
0.01356659284262451
0.015980224013096955
-0.009879396858778026
0.008742545841754353
-0.0039936981424111015
-0.002605459785194062
0.008384637962014272
0.008133984262742035
-0.002123292376495253
-0.014127722086260203
-0.00880156878525557
0.005332008052787181
0.014492082526920032
-0.0059018303137491485
0.0024878430980400565
-0.001406400572162128
-0.018166452956680762
0.007462721238607711
-0.008049217795673068
0.008111234853607121
0.004840368000112759
0.010010446422357842
0.01213032032070049
-0.011235005545806078
-0.010308580218252181
0.0020705030978606406
-0.007446401501597873
0.8540504891464737
0.002836342014801965
0.0022070835579739525
0.001267165696484081
-0.015177204350277303
0.0029818390609385203
-0.0062321280071610035
0.012154476048093941
-0.001876061750394904
0.042175958651682374
0.005291488204339336
-6.111234430373326E-4
-0.0016205146422269274
0.009488818902311971
-0.002160589927828489
0.005331825670754172
0.024566674188797478
0.018150126335694523
0.010509098919175145
-0.013128000548079437
6.551619130296284E-5
0.010771119780257578
-0.0018697488225345009
-0.01660996963131181
-0.005678226723466594
0.013270695860489278
0.019176078226157075
0.014950512699384829
-0.008944875279116754
0.00201925585973181
-0.0013175462956399207
0.009523043921313307
0.011267756886213764
0.015971566151302533
0.015125748241515833
0.002076325097309596
0.015979647232413376
0.010592768488023143
0.01029000698229277
1.6145594619657134E-4
-9.06202487358282E-4
-0.014985609982080329
-1.2327657027099475E-4
-0.0018495002782492327
0.0012047958864407145
0.006772583543038534
0.0056092478123844405
-0.0115751601332655
-0.009839864861967475
-0.010665424873629242
-2.1920101529807864E-4
0.0035991562540868467
0.01052189302218736
-0.0035324620011594793
-0.002322573054480256
0.019579526641452717
-0.001782677946705164
2.3469156894271573E-4
-0.009129625603154438
9.227877805880136E-4
-0.001540994757070939
0.0012258582350126483
0.008407432182523555
0.00949904576241463
0.7778703691371266
-0.005583028752677403
0.004327315614436094
-6.526569994635123E-4
0.006347123369933553
0.0069095419455508155
0.005116348589339085
0.012865554711660999
0.005096671596805529
0.08603437007172103
-0.014244836274628428
0.007354941963004522
0.010841965623336818
0.013465992564256903
-0.003863691016838335
-0.009883896048234031
-0.011451992360719277
-0.015284442595125442
0.0028313910433074856
-0.01763805739678775
0.014374303091543944
-0.0052998798369330215
-0.004016213456504853
7.926091206434821E-4
0.01282670104407417
0.014470897646778441
-0.004231018830860033
0.02996755552675796
0.014736742631505382
-0.007029085261070628
-0.029589022508400648
0.012330826173510603
-0.015672403418217528
-0.0011295373403352631
0.0073672905991278926
-0.009864834707016235
-0.009596741107432244
0.006533997297393184
0.01763507396698964
0.007115288423441833
0.004993525733605576
0.0017557765801020587
-0.003485281832903482
0.007646827468071507
-0.020330932239341837
8.993195231021678E-4
-0.0020428829619319336
-0.02729667123899792
-0.009387792295037388
0.00444498806001776
-4.318391790293557E-4
-5.539170581792869E-4
0.005728867194484995
0.004533300805131487
-0.015192854626337998
-0.006476187394019299
0.009688487755569372
-0.0032257468812919255
0.008649816904186756
-0.002585454729677981
-0.0023814399922657066
0.0031034493098005323
-0.0017916076277201911
0.025437093879064537
0.21522454596291837
0.006497558687774902
-0.011308899121924414
0.0010093790032043913
-0.0014507758095442839
0.0073084745325250515
-0.017189493655554857
-4.138536824433672E-4
0.012489519008361457
0.32057556837943757
0.006425825070006874
0.011092364941257805
0.008600277631904378
0.004822606105935295
-0.014778316903004187
0.007058532300382432
0.01966589553432926
0.00178531161102183
0.004821501658193167
0.003990122323288009
-0.00985338559350067
0.010078408432278498
-0.003413494219269694
-0.0026120768382128807
-0.0032221486332666624
0.0024630340245431967
-0.0016140777771866009
0.27535831966992674
0.007773344761019605
3.7645286285509715E-4
-0.005170916909215545
6.54934131949794E-4
0.006051437839728173
0.026538792619661696
-0.012528974681068688
0.0014539690074543278
0.024750136533000403
-0.00532991507650052
-9.765887773928925E-4
0.004169909614367372
0.009090764165744314
0.009093566937703386
-0.025638006448312364
-0.0034516441407913072
0.015336400356676157
0.03907907120799525
0.0032782354738327747
-0.0019968278485850612
-0.004745192610096899
4.5778795827958375E-4
-0.00346751849948129
0.0019987289299164884
0.006751711881899502
-0.02348081933922369
0.030043376322929947
-0.005025285763993158
-3.6065890268644494E-4
-0.001061362628003012
-0.004562628520472584
0.00356618194005743
0.002026851734242698
-0.004114107013465818
0.010841822133556818
0.01190106758556228
0.08467511144185157
0.05062145357527752
0.010009604982927163
0.005175089466476215
0.004560809973948401
-0.0027735823021170555
-0.019161492780084933
-0.011658721508742453
0.01055315159150351
0.5761344187485753
0.019183025017056994
-0.004050934478127937
-0.007243210359470226
0.007480215604037217
-0.008860349416270012
0.01412374260551498
-0.002240520327236671
-0.003732986320631312
-0.01120619600268195
0.012942102585081095
-0.008923711466773895
-0.008071077087190136
0.003369887427619466
0.0024300380019431534
0.017713135487649984
-3.627583460772037E-4
0.00864097638369981
0.1910831548802912
-0.009538167140831314
-0.004335004254183978
0.007137494841498404
-0.005878901655984378
0.004368225835395551
0.0017994660985813967
-0.006073552795303325
-0.007002585173998947
0.009773277226063446
0.0024656414650866655
0.011116512444650182
0.0017376523351541582
0.005611690143338478
0.0028408026375328723
-0.019016668338901227
-0.0012319271152648804
2.0792707956224842E-4
0.02739162248656696
0.003614423407966376
5.07774910264464E-4
-0.005399597741177029
-0.010512691134480704
0.02724669465486417
-1.835228946794427E-4
0.017276232845083696
0.017161105607443553
5.140420477116135E-4
5.578749563953401E-4
-0.008747325721230626
-0.002581386306932314
-0.00554423867398844
0.019887725460293545
-0.007275821229272992
0.024612654783693972
-6.127901265300955E-4
5.327052308067258E-4
0.8809736638583201
0.004062174143224952
0.013296771809148676
0.0018602541504315743
0.018169223676280148
-0.00991559793744234
-1.2783055089086182E-4
-0.0010910087437023136
0.007282961217007829
-0.004467489077512367
-0.004893907688939263
0.006900266059630412
0.011622359596387848
-0.0035811569327346723
0.005441149429926185
-0.0017337578063718506
-0.007112112382968541
0.0051139809769656375
-0.007434880009694411
-0.011415102097452494
0.006060891791188235
-0.013992178545254863
-0.008416421298038053
-0.0011619689828462865
0.01004828476257901
0.045131238718631166
-0.002463802574590994
-0.008680831801263013
0.009338805682376699
-0.010787325891108746
-0.010859993741334091
-0.021412291244720754
-0.0029644539413207277
-0.010589587276176388
0.00885403789474954
-0.0033318872825433394
0.018734280478101002
0.0018948033709229612
8.656450636725388E-4
-0.005106936055187987
-0.010183131237281649
0.002801313535264216
-0.006722482472476544
0.0010615792582315074
0.001646463487622373
6.978656085341605E-4
-0.014562698171742827
-0.010907165231308994
0.0018214340715476027
0.003307933457991318
-0.007396250044486581
-0.010194053446632313
0.0011165546842594356
-0.009344715462537814
-0.01613987086980231
-0.022173066227444523
-0.008157168531455806
-0.015159217567940737
-0.00480463808293252
-0.00569536982132754
-0.01762483798944691
0.0037842720097090504
0.007358316060217184
0.0053610930677880754
0.6725617433568726
0.0012023167316423241
4.8865919059320897E-5
-0.015518396714544792
0.009112485234087557
-0.019310083455431164
0.006255923931182941
-0.0048860807866677085
-0.01703753349653624
0.25642345031909364
0.007028508833356341
-0.006045066934079312
-0.024816336129452103
-0.006617045145193263
0.0024891251959439646
0.012692386440483063
-0.0038154412879740575
-0.00955741495723441
-0.008779130994232283
-0.0019261341088942098
-0.006556093427615404
-0.004385429972193708
-0.014176808166186097
1.2456902439454015E-4
0.010407240857367349
0.01579934559278079
-0.0035177749076115085
0.005109422242878349
0.017082138958913227
-0.006873549888912938
-0.0027787490575346503
0.0066543302461207765
6.77741215084721E-4
0.007267709253488205
-0.016775529809706997
0.009307206611563798
-0.008797283277099464
0.00246527690811914
-0.017493296172404284
0.002500116605731794
0.008399532704809065
0.008542951050900197
-0.007030503475165955
-0.0056544554368792325
4.3258631753712045E-4
0.007254188652722918
-0.004942359417179299
-0.0040994615653397485
-0.007894735164723657
0.0026494783710685893
0.0014764669361858275
0.012722969050311304
0.008243626438020006
0.015216510256947416
0.003840097911513894
0.0045793398450208545
0.002095516813260216
-0.002552814354830144
0.0015295880189728681
0.0026080524373860137
0.009973674876714116
-0.0021848544348427455
4.887481627789274E-4
0.008879946927469488
0.3120654832621723
-0.001509475083217547
-0.005988511348761997
0.0010210496816710764
0.003135384055389301
0.014318896394690389
0.00996208221844159
0.0037644917167210267
0.014738304539142598
0.48624304984871647
0.00695202529975379
0.007593341632179561
-0.003320090050060122
-0.0038368260057644334
-0.0018575207875107358
0.005316631236746487
-0.010540972503304142
-0.006471489179769311
-0.02774455970218043
-0.01775876815770388
-0.009739497203177022
-7.987323258515719E-4
0.004959420478441085
-0.012925405209796112
-0.00472295910818425
0.04838311647214621
0.003453444485296993
0.02503942719923465
-0.00528442931352754
-0.002839208718942519
-0.0038698646783162363
-0.022997182619442155
-0.012546872961895605
0.002409268608963119
-0.009206045288572896
-0.005206608833157152
-0.03142483458846382
-9.631406955987023E-4
0.011917683638428482
0.010132126757375945
-0.00718318405680355
0.01084302167508779
0.0039027863447463913
-0.0022306807086596397
-0.010334023422949033
0.045290882286799804
-0.006458369491270261
0.011939356062549544
-0.012679851179534657
0.016911895122117174
0.0038260486274279623
-0.0021162673996760967
-0.014245757783196042
0.0077910899050157335
0.026148352045094428
8.204958379365659E-4
0.011762169673596983
0.006682651216448178
-0.002412184920830054
0.007705776944339461
0.003175889944097316
-0.004196683595487826
-0.014028448691936058
0.0070145928267532675
4.2123448997608676E-4
-0.003355202224189194
0.008346786876460902
-0.008274274557555038
0.017131179744313198
0.022392279237895496
0.07505130420820942
0.06425706601546552
0.020132418285600123
6.029581621738553E-4
0.31071168711957453
0.3656049226651613
0.03229632916542831
0.04116154523133861
0.18566586163271442
0.1999962836245443
-0.01687247770110705
-0.013273404045761708
0.025020388467267847
0.004941267442084742
0.056202886928932216
0.05196881699978314
0.02385045860401059
0.018212017624044133
-2.5756148911646484E-4
-0.0027165930620807028
0.002213149870779625
-0.0062994778173758245
0.2317874117597794
0.25757981503740685
0.10652467476383695
0.15274866560891143
0.012596071475240347
0.019765529326641804
0.006495236508077819
8.678632932385351E-5
0.01568317426395291
0.032466621978417265
0.031109532372208794
0.014293642565606031
9.962771965492552E-4
0.004588130960313763
0.028111922919412304
-0.016321165385643602
0.014325936353448265
-0.015010176377920586
0.00287712685500946
0.00868383680615998
-0.005890881116966703
0.01506160096690976
0.030534533352604018
0.05204061449686075
-0.008372182875799924
0.004495509277643234
0.020989407856942855
0.007588880773142893
0.020856137014739144
-3.055320209565536E-4
0.012611173084114772
-0.00978552678831017
0.014138492016936635
0.002266066185769559
0.010037220874572747
0.008852880389662175
-1.6085815321954046E-4
0.004811152410135571
0.04290056975759482
0.042193810457459284
0.008560878944394367
-0.005468259298488921
0.002768037867877969
-0.00822572872066688
0.020781365939849642
0.02999811861849106
0.004901311622101478
0.01066424990107429
0.00888214494371279
-0.024540321433172526
0.022857172597938895
0.011665532939756747
0.06328414856036121
0.02073133200482255
0.15940337308079314
-4.407551335916896E-4
0.018977608618882078
0.009382647355629686
0.1399588745450453
0.005875973355845607
-0.002421229075776354
0.033889192846373525
-0.008332012027760866
0.2241324558475683
0.0023303344367269913
-0.0011419497518133715
0.007587621246535434
0.22185293805829323
-0.004447866415750205
0.02291258654537475
-0.0089999329992805
0.16272095817385196
0.003462967077881243
0.019994347297120015
0.04450246879998923
0.13250376105835582
0.06607194734832313
0.016528467424818793
0.08546389902417408
-0.0026714625795544126
0.01581046148048778
0.01445208548345044
0.12828835557781595
0.032432826643036386
0.017801382537032777
0.025206158820497142
0.026459805691563133
0.010207491563061008
-0.012811291837134826
-0.010676110735943994
-0.0017833585268371593
0.01119380957378188
0.018820658141936578
0.010845048763458933
0.01320700998955324
0.014683684479266549
-0.008941637182409232
1.9338414328172302E-4
-0.009800987309915077
0.029832600649874627
0.013818702980103207
0.00398412586509407
0.003103028130660325
0.0018180988361781141
-0.011725135241195662
0.02216812311261453
-0.010471147133060252
0.005577244148439133
0.012743436786284661
0.0015805828654298065
-0.003822985911595704
0.013900136489191323
-0.004353526033006378
-0.00627932881557217
-8.67891364155846E-4
0.012183938825429806
0.029467129028189838
0.0059629102923480495
-0.011087383865022723
-0.005314422849018988
0.0073840032806224394
-0.012548324013737974
-0.003901541846830295
-0.010510878102908334
-4.6149806717721005E-4
0.002443297390837942
-0.019702091528438628
0.0034728788897712437
0.0038961927255869726
-0.005952232987950276
0.03369312395595022
0.020693113150645474
0.0034459665065809117
0.0066821195891169525
-0.015402538922058027
-0.00604303670215821
0.006495064280912534
0.0024458708061040986
-0.009618911108856931
-0.007790980278955884
0.015635761336794566
-0.0039053696798137007
-0.0010038333890461985
-0.005767393621374228
0.014690855645989681
0.013649204445266235
-0.003598385376799401
-0.014338243925819255
0.009655852463823805
0.01437421458615272
0.0014181632298522272
-0.0071016367404426505
0.0010374433736781207
0.013526460900812927
0.01462698780577058
-0.00144780057759583
0.005878198262641303
0.008530266123136215
7.786026513340481E-4
-0.005557057315583935
-0.010400063581295853
0.011602307248245273
-0.013637762704670597
0.015242908443800432
-0.004033240427785259
-8.234641822706732E-4
-0.0031221389240543435
-0.018411497215586985
-7.823582818782259E-4
-0.0014863584862507726
0.0038681203024425355
-0.0026029507196064726
0.006335247140287038
-0.002535675886104047
0.0034590312150214837
0.001446317493491656
0.005479201128886985
0.003969229205188034
0.007766185843875034
0.012085203991582734
0.020155629146066167
-0.017103945900059085
0.017900348172397867
0.009756228811685766
-0.005660306979668781
0.015488608222323196
-0.003578740122260879
-0.026768229554131936
0.014006601188198924
0.0018628122900157655
-0.005599060242671297
-0.0030410472025548967
-0.002401842156137895
-0.002486315593925106
0.020905378880393188
-0.008614291775195314
